1623274845629816833
1623274842199040001
1623274840537923584
1623274839837384704
1623274839577444354
1623274839384391680
1623274838558396417
1623274837002137602
1623274836834369537
1623274836771340288
1623274835471376387
1623274833818849286
1623274832258379777
1623274830274433025
1623274830186311680
1623274828877778944
1623274828307263490
1623274827992760320
1623274827888074752
1623274827518824449
1623274826319409154
1623274825857871872
1623274825090322432
1623274824993759237
1623274823823523840
1623274822338850817
1623274822292709377
1623274821575487489
1623274821499887616
1623274820757487619
1623274819335737351
1623274819251843072
1623274818652053504
1623274818140352518
1623274817288798209
1623274816886145026
1623274816005607424
1623274815917330432
1623274815808479233
1623274814487121922
1623274814252400640
1623274813769887744
1623274811236536322
1623274811144261634
1623274810506719232
1623274810087202820
1623274809705615360
1623274809193906177
1623274808359243777
1623274807851724800
1623274806975291398
1623274805528076294
1623274805083402241
1623274803913187329
1623274803795791872
1623274803737120768
1623274803300904962
1623274802495496193
1623274801522528256
1623274801224880130
1623274801199566849
1623274800847237123
1623274800268312577
1623274799999885313
1623274798615871492
1623274798284517382
1623274795151380480
1623274794819919874
1623274794039889920
1623274792668344320
1623274792492183554
1623274792374747139
1623274791552557057
1623274790655078400
1623274787215937536
1623274787152793602
1623274786855206919
1623274786292961282
1623274785181401092
1623274782400675840
1623274780261511171
1623274779988967429
1623274779875725313
1623274778877472768
1623274777229070337
1623274774607585282
1623274774158798848
1623274771906437122
1623274770455269378
1623274768307990528
1623274767875727362
1623274767380803586
1623274767204622336
1623274766915313664
1623274764281290752
1623274762058317824
1623274761131372546
1623274760053444611
1623274759462199297
1623274759214571520
1623274757230673920
1623274756572160000
1623274754852503553
1623274754483396609
1623274754168786944
1623274753778647041
1623274753242050565
1623274753233506306
1623274753069838339
1623274752113623043
1623274752100925440
1623274751761195009
1623274750955978752
1623274750821670912
1623274749433372673
1623274748355526656
1623274746698760194
1623274746631581697
1623274745016745984
1623274744932884480
1623274744903524353
1623274744551202816
1623274744140206081
1623274743959887873
1623274743909556224
1623274742974189568
1623274741766275072
1623274741460094978
1623274741032275968
1623274739094487043
1623274737626492931
1623274735902531585
1623274735797772288
1623274733872549889
1623274733528547330
1623274732500942849
1623274731242680322
1623274730655477764
1623274730542489600
1623274725953748994
1623274725538512896
1623274724833853440
1623274724766756864
1623274724536078337
1623274723177033729
1623274721906237441
1623274720400482305
1623274720153010176
1623274719511293956
1623274719469268992
1623274718806646784
1623274718282350594
1623274718265499650
1623274717846044672
1623274716831133696
1623274716218679297
1623274715082006531
1623274714524164097
1623274714259939328
1623274713236504576
1623274711256793090
1623274708958314503
1623274708383793154
1623274707482017795
1623274705116602368
1623274704701194243
1623274703572836354
1623274703535194114
1623274702134181888
1623274701685391360
1623274701245095937
1623274700095868930
1623274699936395265
1623274699902840832
1623274699743453188
1623274698908876801
1623274698728435713
1623274696962723845
1623274695507181570
1623274694769082369
1623274694714572801
1623274693804302338
1623274693573726208
1623274693292613639
1623274692755824644
1623274692135071744
1623274691782746114
1623274690314907648
1623274690276913152
1623274690209800192
1623274689903689734
1623274688372961280
1623274688028807168
1623274687793954819
1623274686984364033
1623274684480630786
1623274683486601216
1623274683054403584
1623274682014216192
1623274681527664641
1623274681133420544
1623274677119451136
1623274677077434368
1623274676809043969
1623274676028833793
1623274672681889792
1623274672346333184
1623274672107274240
1623274670928568320
1623274670609891328
1623274667615129601
1623274667531198465
1623274665337663489
1623274662653317122
1623274662443552768
1623274660975575041
1623274660585521153
1623274659209773064
1623274657368645633
1623274656319868930
1623274655833288705
1623274655292305409
1623274653761388544
1623274652842840065
1623274649764208641
1623274648900186112
1623274648673611777
1623274648170373122
1623274646094204928
1623274645947285505
1623274645691461634
1623274644781555712
1623274643292389380
1623274641878925313
1623274641509781506
1623274641149071360
1623274639790161922
1623274639689498625
1623274638720614401
1623274635994300416
1623274634861854720
1623274634396286977
1623274634375225346
1623274633691648036
1623274633490202626
1623274632835919875
1623274631342817286
1623274631208501250
1623274631036604419
1623274628385849345
1623274628352294912
1623274628352278528
1623274627261689856
1623274622400471041
1623274621486219264
1623274620613804036
1623274620383010817
1623274619665887232
1623274619091185668
1623274618101399552
1623274617933639680
1623274615693881345
1623274615555465221
1623274614368468993
1623274614007660545
1623274612631957506
1623274612422238208
1623274611889655808
1623274610870431745
1623274610748792832
1623274610530697218
1623274609687814144
1623274607519182852
1623274605648441344
1623274605057130496
1623274604188905479
1623274603987496961
1623274601882042369
1623274601093423104
1623274600980250624
1623274600074252288
1623274598841167872
1623274598560063488
1623274596328767489
1623274596140044288
1623274594634276864
1623274593568931842
1623274593455685633
1623274593262751744
1623274592918769666
1623274592398721025
1623274589869449217
1623274589798137858
1623274589483855872
1623274589177405445
1623274588707733509
1623274587466129408
1623274586723811330
1623274586572742657
1623274586488840193
1623274586182672384
1623274584555327489
1623274584286937088
1623274583808679938
1623274583661895683
1623274580927303683
1623274579811606528
1623274579656335362
1623274579182628864
1623274579148910592
1623274577936715776
1623274577487962115
1623274574824497153
1623274574501625861
1623274574170267649
1623274573394485248
1623274573088137217
1623274572110782465
1623274571481718784
1623274570022002689
1623274567623127040
1623274564959539203
1623274563747426309
1623274562417745920
1623274562203918339
1623274561511780352
1623274561344004099
1623274561193095170
1623274560211542018
1623274559582470147
1623274558043176962
1623274557946699777
1623274557145550848
1623274557082685440
1623274556222763010
1623274554444447744
1623274554196914178
1623274553781719042
1623274553395888129
1623274552309518338
1623274551516725249
1623274551173074944
1623274551005089795
1623274550984073216
1623274550212415492
1623274550199828480
1623274548803018752
1623274548333273093
1623274548182372352
1623274547863773184
1623274547427393539
1623274544780701697
1623274544612999168
1623274544277356544
1623274543644135430
1623274542859792385
1623274542763212801
1623274542494785536
1623274541807210501
1623274540716490752
1623274540380917762
1623274540112441344
1623274539626151936
1623274536664813568
1623274536492736515
1623274536463474695
1623274533833646080
1623274533644914688
1623274531384176642
1623274530025111559
1623274529727434753
1623274528439689217
1623274527865044992
1623274526409719808
1623274524216115200
1623274523394027522
1623274522987331584
1623274522362126346
1623274521632317442
1623274519916949506
1623274519497478144
1623274518788579330
1623274518117593090
1623274517727526914
1623274517148717058
1623274517068935169
1623274515177549828
1623274513289838592
1623274513243807747
1623274513222836226
1623274512635527169
1623274512354516992
1623274511935365122
1623274511813730305
1623274511477927936
1623274508776792065
1623274507497623553
1623274507434708992
1623274507107463169
1623274506830635009
1623274506490982402
1623274504041517057
1623274503626457088
1623274502699339777
1623274499679330304
1623274499675136001
1623274499641581570
1623274498978983939
1623274497141886976
1623274495615152128
1623274494834999297
1623274494000259079
1623274493920612353
1623274492544921602
1623274492238696448
1623274492217946113
1623274491530051584
1623274490980618242
1623274490875502592
1623274489994788865
1623274487490744320
1623274487092224003
1623274486543024134
1623274485481631745
1623274484584091648
1623274483376181248
1623274483145494529
1623274483053207552
1623274482503655426
1623274478875582467
1623274478682742787
1623274477252386816
1623274475922890752
1623274474790608898
1623274474211606529
1623274473666367488
1623274472588423169
1623274472265469952
1623274472017985537
1623274471011364865
1623274470851899392
1623274470344368133
1623274469107146754
1623274468096221185
1623274467274244097
1623274464027762689
1623274463390273542
1623274462706823169
1623274462333358083
1623274461922304001
1623274460475449344
1623274460378808322
1623274459296563202
1623274458361352194
1623274458361348097
1623274457728008198
1623274457304379394
1623274456385740802
1623274455287074816
1623274452602724353
1623274452111720448
1623274450694053888
1623274450287304704
1623274447984623616
1623274444645974018
1623274444373340161
1623274443848970241
1623274443026972672
1623274442326437892
1623274442045501443
1623274441852551168
1623274439226818563
1623274436626456577
1623274436248887300
1623274435565297664
1623274434655096832
1623274433338114048
1623274432448921600
1623274431790604290
1623274431694139392
1623274431060623360
1623274429793857537
1623274428212850690
1623274427814232064
1623274427789234176
1623274427747127297
1623274427474448384
1623274427256393729
1623274427126525954
1623274424743911424
1623274422470672384
1623274421543641088
1623274419509395459
1623274418263756801
1623274417118642176
1623274416137441280
1623274414945992705
1623274414359072771
1623274414241456132
1623274412853145600
1623274412823699456
1623274410810433537
1623274409799680000
1623274409640308736
1623274409191522304
1623274408013107202
1623274406893195265
1623274406469304320
1623274405324369920
1623274404842188801
1623274404724482048
1623274403818790915
1623274403092918274
1623274402660990984
1623274401767518209
1623274401155227650
1623274400047849472
1623274398604992513
1623274398026199041
1623274397908758528
1623274397887868928
1623274395635527682
1623274394012336129
1623274393269858306
1623274393228177410
1623274393131528194
1623274393110564865
1623274393076916225
1623274392510730240
1623274392087064578
1623274391416066048
1623274390304526336
1623274389700587522
1623274387951566849
1623274387884453888
1623274385460043779
1623274384705175552
1623274383434465280
1623274383044214787
1623274379990732802
1623274379860746241
1623274379021787142
1623274378438840320
1623274376975073282
1623274376337534976
1623274376161550336
1623274370134077441
1623274369127444482
1623274369039360003
1623274367567409154
1623274365511933952
1623274365226831872
1623274364446580737
1623274363939061762
1623274363821690880
1623274362672390146
1623274362664022017
1623274362353729537
1623274362160791554
1623274361636487170
1623274361024135169
1623274360621395968
1623274360579522560
1623274360252297216
1623274359933526017
1623274359446962177
1623274359073693696
1623274358666919937
1623274358616498183
1623274358528528384
1623274356410384386
1623274352610525184
1623274352060801025
1623274350731485185
1623274349972127744
1623274349405896705
1623274349200302088
1623274348994854913
1623274348609150976
1623274348348944389
1623274346482368512
1623274342141333504
1623274342040670208
1623274341902217216
1623274341570846721
1623274338848743424
1623274338743906304
1623274338211475456
1623274338181865472
1623274338119024640
1623274337808666624
1623274337603026944
1623274336403464192
1623274336194015232
1623274335514292227
1623274335271256065
1623274333132009472
1623274332561580032
1623274331357736960
1623274329441017856
1623274329340358657
1623274328962871297
1623274326312235010
1623274324114145281
1623274324068294657
1623274324005208064
1623274323694825475
1623274323694714880
1623274322641944577
1623274321446592512
1623274320741953536
1623274319399866370
1623274319122993152
1623274319022260225
1623274317936050177
1623274316497387520
1623274314123321346
1623274313079046146
1623274311707418624
1623274311258611712
1623274310726025219
1623274308469391367
1623274307408232448
1623274307127312385
1623274306514915328
1623274306288459781
1623274305613336577
1623274305319731201
1623274304535203840
1623274304061202433
1623274302131912704
1623274301834285057
1623274301565861893
1623274299745263619
1623274299300757505
1623274296905805824
1623274295785914368
1623274294233993218
1623274294179663875
1623274293965778944
1623274293407760384
1623274292078075906
1623274291864150016
1623274291776339969
1623274290199101442
1623274289880305668
1623274288517197825
1623274288433209347
1623274287242018817
1623274287032401921
1623274286713651200
1623274286046912519
1623274285807865857
1623274285295890434
1623274284830363650
1623274284628975617
1623274283899449345
1623274283895074818
1623274283093852161
1623274282850582533
1623274281948925954
1623274281311301633
1623274281248358401
1623274280912932865
1623274280690540546
1623274280581492737
1623274279185035266
1623274276047491075
1623274275481260033
1623274273837031425
1623274272956219392
1623274272889208832
1623274272738123777
1623274270573965315
1623274268770373635
1623274268271251456
1623274267784642565
1623274267570802689
1623274267138818050
1623274265263976449
1623274264202731520
1623274262650912770
1623274262420197379
1623274262063906816
1623274260146884608
1623274260016889857
1623274258754334723
1623274258414837766
1623274258293043200
1623274256111992835
1623274254988087302
1623274254564311043
1623274254560030721
1623274253993881601
1623274253251448833
1623274252433498114
1623274252395810818
1623274251569471488
1623274251372359686
1623274251267747845
1623274248017174528
1623274247505182721
1623274246527938560
1623274245265530880
1623274244221112323
1623274244200169474
1623274244040794113
1623274243432624129
1623274242409218049
1623274241842987016
1623274241461219328
1623274240538554369
1623274240521695232
1623274240513376257
1623274239959891969
1623274239573753856
1623274239024406534
1623274238621716481
1623274238600781827
1623274237803855873
1623274237371863041
1623274236583325696
1623274234050125825
1623274233479430144
1623274232816799751
1623274231730503682
1623274231503982596
1623274230849626117
1623274230618939393
1623274228903563266
1623274227938865152
1623274226898681857
1623274226021957639
1623274225690726400
1623274224642146305
1623274220691275777
1623274218937888771
1623274217667203073
1623274217633419264
1623274216211488769
1623274215813140485
1623274215406280705
1623274211069382657
1623274210448617472
1623274210276540417
1623274210243084288
1623274209660096517
1623274209089581059
1623274208737329152
1623274206531305473
1623274204970745856
1623274203796439040
1623274203607605252
1623274202638811137
1623274202542534656
1623274200197726209
1623274196888420354
1623274196833796096
1623274195487522816
1623274195340730373
1623274194518839296
1623274192710893568
1623274191653928962
1623274189992992772
1623274188613070850
1623274188529184768
1623274187857993728
1623274187795169286
1623274187040120833
1623274186851467265
1623274186234859522
1623274186230702081
1623274185844834304
1623274185144389632
1623274184863260674
1623274182946553856
1623274181281603585
1623274181201735680
1623274180811816966
1623274180564205572
1623274179410767872
1623274178903171072
1623274178798387201
1623274178739851266
1623274178651766785
1623274178529878016
1623274178009878528
1623274177665896448
1623274176080498688
1623274175182807040
1623274173966520321
1623274172259475458
1623274171605065731
1623274170732761090
1623274170560704514
1623274169705328640
1623274168690286592
1623274164101455873
1623274163510149120
1623274163170410497
1623274161014558721
1623274160901201923
1623274160255381504
1623274156082221056
1623274154727186434
1623274154265919490
1623274154123304966
1623274151766261760
1623274151426330624
1623274147538239490
1623274147504701440
1623274147009769475
1623274146347057154
1623274144509923333
1623274142425399298
1623274141854973955
1623274141359960066
1623274141041270787
1623274140894658560
1623274140604981251
1623274139493466112
1623274139233443840
1623274139166605313
1623274138759577606
1623274137304039426
1623274136305819648
1623274133881593856
1623274133122347010
1623274132715495426
1623274131994058752
1623274130454810624
1623274130408722432
1623274130400243717
1623274130190618625
1623274128751960068
1623274127523201026
1623274126390566913
1623274126159888385
1623274125732073473
1623274125710991367
1623274125199306756
1623274124775763969
1623274123966259201
1623274123613900801
1623274123270168577
1623274122401947648
1623274121319657472
1623274120266887171
1623274119394430977
1623274118907850754
1623274118656274433
1623274117565669376
1623274117301514240
1623274117209227266
1623274115024171008
1623274111836323841
1623274111773335553
1623274111765037056
1623274111613952002
1623274109760155650
1623274108535414784
1623274105989373954
1623274104680861697
1623274104605364224
1623274099760934916
1623274098108297219
1623274098095964160
1623274096778702848
1623274095499530240
1623274095352885248
1623274094123749384
1623274093570142209
1623274093217984513
1623274091116433408
1623274090063593475
1623274089249996801
1623274088495190017
1623274087861612545
1623274087605739520
1623274087580594176
1623274087320547330
1623274086133555200
1623274085638721541
1623274085600923648
1623274084963426309
1623274083466022913
1623274083130707970
1623274081859559425
1623274081444327424
1623274081184280576
1623274079867351046
1623274077778587649
1623274077224857600
1623274077090721793
1623274075903922176
1623274075106775040
1623274074091802624
1623274074091712514
1623274073819324418
1623274073093439488
1623274071944269831
1623274071214415873
1623274070006542336
1623274068190412809
1623274066495918082
1623274066479304704
1623274066412032000
1623274066172907521
1623274066130964480
1623274064872632322
1623274063178223622
1623274062158913537
1623274061676658688
1623274059210399745
1623274059071909890
1623274056387641345
1623274056349896705
1623274055645413376
1623274054932398082
1623274054806298628
1623274054235959296
1623274052772036608
1623274052617113602
1623274052369383424
1623274051576778753
1623274050377207810
1623274050247184386
1623274049290874880
1623274049093640194
1623274048296742912
1623274047847993344
1623274047084830721
1623274045998354434
1623274045876600840
1623274045708939264
1623274045570531330
1623274044438065153
1623274044119187456
1623274044031221763
1623274043444002816
1623274042504650752
1623274041694949377
1623274041099563009
1623274040663195651
1623274040474345472
1623274040361099265
1623274039354572803
1623274038985457669
1623274038372990976
1623274037353881600
1623274036108165120
1623274035546144768
1623274034589847552
1623274034208047106
1623274034107674627
1623274033088278528
1623274032899530754
1623274032148754432
1623274031695683584
1623274030777176065
1623274029422370816
1623274027757277185
1623274026725507072
1623274026125733891
1623274025576169474
1623274025169330177
1623274024989085696
1623274024347238400
1623274024154329088
1623274023797903361
1623274023126704128
1623274022682206210
1623274022657052674
1623274021574914049
1623274020572483584
1623274020513714183
1623274018479513600
1623274016889872384
1623274016688553985
1623274016629825536
1623274016533348352
1623274016411914240
1623274016164438016
1623274015929294848
1623274015660949505
1623274015182802944
1623274013995704320
1623274012188250115
1623274009856184321
1623274008157331459
1623274007511412736
1623274006659964930
1623274005863051265
1623274004202065922
1623274004084654082
1623274004055310336
1623274002960580608
1623274002721415168
1623274002675339266
1623274001991667712
